Challenge Avg(ms)    STD(ms)    Time%    Avg(MB)    STD(MB)    Mem%     Lang       Size(kB)   Lines 
-----------------------------------------------------------------------------------------------
1        171.61     48.34      7.44     8.21       4.59       9.64     .rs        1.47       38    
2        137.50     47.79      5.96     5.47       5.12       6.41     .rs        1.45       41    
3        204.97     0.20       8.89     12.50      0.21       14.67    .rs        2.02       56    
4        605.75     0.37       26.26    12.52      0.10       14.69    .rs        2.00       62    
5        171.00     47.78      7.41     8.81       4.92       10.33    .rs        1.45       38    
6        605.95     0.46       26.27    12.67      0.53       14.87    .rs        2.18       63    
7        205.22     0.46       8.90     12.44      0.19       14.60    .rs        1.55       48    
8        204.63     0.73       8.87     12.61      0.43       14.79    .rs        1.79       50    
-----------------------------------------------------------------------------------------------
Total    2306.63    146.12     100.00   85.22      16.08      100.00              13.90      396   

Challenge: Cryptopals: Set 1(Basic Algebra), Iterations: 3