Challenge Avg(ms)    STD(ms)    Time%    Avg(MB)    STD(MB)    Mem%     Lang       Size(kB)   Lines 
-----------------------------------------------------------------------------------------------
9        204.78     0.72       4.86     12.62      0.27       13.23    .rs        0.97       26    
10       204.91     0.55       4.86     12.43      0.06       13.03    .rs        1.55       46    
11       204.33     0.39       4.85     12.44      0.03       13.04    .rs        1.29       31    
12       1510.01    1.13       35.83    12.36      0.11       12.95    .rs        3.80       84    
13       204.87     0.31       4.86     12.30      0.15       12.89    .rs        3.92       122   
14       1476.76    47.36      35.04    8.30       5.87       8.70     .rs        5.87       129   
15       204.39     0.44       4.85     12.40      0.05       13.00    .rs        0.84       31    
16       204.38     0.79       4.85     12.56      0.06       13.17    .rs        2.20       55    
-----------------------------------------------------------------------------------------------
Total    4214.43    51.69      100.00   95.43      6.61       100.00              20.43      524   

Challenge: Cryptopals: Set 2(Block Crypto), Iterations: 3